0	202417
1	588066
2	33683
3	29860
4	30065
5	31100
6	32886
7	34300
8	35857
9	36121
10	35420
11	34801
12	33289
13	31655
14	29895
15	28587
17	24992
16	26796
19	21912
18	23379
2186	1
21	18695
20	20028
23	15957
22	17269
25	13533
24	14794
27	11434
26	12595
29	9856
28	10613
31	8260
30	9147
34	6735
2234	1
35	6144
32	7751
33	7206
38	5082
39	4672
36	5625
37	5218
42	3753
43	3528
40	4408
41	4088
46	2996
47	2736
44	3390
45	3169
51	2128
50	2296
2218	1
49	2499
48	2587
55	1789
54	1855
53	2022
52	2037
59	1419
58	1458
57	1596
56	1690
63	1160
62	1211
61	1292
60	1343
68	905
69	890
70	875
71	850
64	1199
65	1080
66	986
67	957
76	697
77	626
78	628
79	631
72	845
73	796
74	746
75	700
2259	1
85	509
84	490
87	501
86	487
81	542
80	621
83	541
82	573
93	460
92	402
95	398
94	371
89	416
88	478
91	432
90	467
102	322
103	310
100	342
101	319
98	351
99	371
96	384
97	374
110	226
111	251
108	275
109	268
106	292
107	289
104	312
105	293
119	213
118	195
117	212
116	199
115	200
114	232
113	270
112	210
127	179
126	168
125	160
124	196
123	182
122	184
121	156
120	209
137	148
136	137
139	133
138	134
141	126
140	129
143	125
142	112
129	166
128	175
131	153
130	181
133	148
132	141
135	152
134	146
152	97
153	105
154	85
155	90
156	77
157	120
158	106
159	88
144	98
145	120
146	124
147	102
148	105
149	114
2061	1
150	111
151	84
171	65
170	74
169	62
168	77
175	51
174	74
173	51
172	66
163	73
162	108
161	85
160	92
167	81
166	93
165	80
164	88
186	61
187	49
184	60
185	72
190	53
191	60
188	52
189	59
178	60
179	49
176	77
177	73
182	59
2095	1
183	52
180	50
181	64
205	53
204	36
207	46
206	35
201	52
200	41
203	43
202	55
197	57
196	48
199	44
198	45
193	47
192	43
195	38
194	49
220	32
221	44
222	34
223	41
216	45
217	46
218	43
219	39
212	34
213	40
214	48
215	47
208	44
209	45
210	42
211	41
239	31
238	27
237	28
236	35
235	34
234	28
233	30
232	34
231	25
230	31
229	33
228	36
227	38
226	43
225	36
224	34
254	29
255	28
252	32
253	25
250	22
251	27
248	28
249	33
246	30
247	27
244	33
245	22
242	39
243	34
240	28
241	30
275	23
274	17
273	13
272	17
279	21
278	15
277	16
276	17
283	17
282	20
281	20
280	12
287	19
286	14
285	16
284	13
258	35
259	23
256	30
257	37
262	17
263	22
260	23
261	24
266	19
267	30
264	27
265	27
270	23
271	23
268	28
269	12
305	11
304	12
307	12
306	14
309	14
308	16
311	6
310	11
313	11
312	16
315	9
314	11
317	16
316	11
319	9
318	12
288	9
289	11
290	18
291	17
292	8
293	15
294	11
295	19
296	15
297	12
298	23
299	17
300	11
301	22
302	13
303	14
343	10
342	10
341	8
340	8
339	8
338	11
337	13
336	8
351	11
350	14
349	15
348	12
347	13
346	9
345	18
344	14
326	14
327	9
324	21
325	16
322	16
323	8
320	12
321	16
334	11
335	12
332	8
333	8
330	10
331	16
328	8
329	12
373	7
372	9
375	6
374	5
369	10
368	7
371	13
370	5
381	10
380	6
383	8
382	9
377	14
376	8
379	7
378	5
356	14
357	15
358	10
359	9
352	12
353	13
354	11
355	8
364	18
365	8
366	15
367	12
360	14
361	7
362	8
363	4
2306	1
410	1
411	11
408	9
409	18
414	7
415	3
412	10
413	14
402	8
403	5
400	17
401	10
406	8
407	6
404	5
405	6
395	10
394	8
393	9
392	12
399	11
398	11
397	7
396	3
387	5
386	10
385	5
384	6
391	4
390	11
389	6
388	6
440	3
441	3
442	7
443	7
444	3
445	7
446	8
447	6
432	7
433	14
434	6
435	4
436	5
437	6
438	5
439	8
425	7
424	5
427	7
426	5
429	5
428	7
431	8
430	14
417	4
416	8
419	5
418	4
421	7
420	9
423	10
422	5
478	12
479	10
476	13
477	10
474	7
475	11
2371	1
472	6
473	7
470	6
471	5
468	9
469	6
466	9
467	6
464	8
465	13
463	14
462	10
461	3
460	5
459	11
458	8
457	3
456	9
455	7
454	4
453	8
452	10
451	5
450	10
449	8
448	9
508	3
509	9
510	6
511	6
504	8
505	5
506	2
507	1
500	5
501	5
502	5
503	8
496	6
497	8
498	7
499	7
493	12
492	13
495	10
494	9
489	7
488	8
491	17
490	3
485	4
484	7
487	14
486	19
481	10
480	12
483	11
482	19
550	5
551	2
548	2
549	8
546	1
547	5
544	5
545	2
558	4
559	3
556	3
557	3
554	2
555	4
552	3
553	2
567	4
566	3
565	1
564	3
563	4
562	5
561	2
560	1
575	2
574	1
573	2
572	3
571	5
570	2
569	2
568	3
516	6
517	13
518	7
519	2
512	5
513	1
514	7
515	5
524	4
525	7
526	5
527	1
520	3
521	3
522	6
523	1
533	2
532	4
535	2
534	5
529	2
528	2
531	4
530	1
541	6
540	3
543	3
542	1
537	3
536	2
539	8
538	4
610	2
611	2
608	3
614	5
615	4
612	5
613	2
618	3
619	2
616	2
617	4
622	2
623	4
620	5
621	2
627	3
626	3
625	4
624	4
631	2
630	5
629	4
628	2
635	1
634	4
633	2
632	3
639	4
638	3
637	4
636	3
576	4
577	4
578	2
579	4
580	4
581	3
582	5
583	1
584	2
585	6
586	2
587	5
588	2
589	3
591	1
593	3
592	1
595	3
594	7
597	3
596	2
599	6
598	2
601	1
600	3
603	2
602	4
605	2
604	5
607	3
606	1
687	3
686	2
685	1
684	3
683	3
682	1
681	4
680	3
679	2
678	1
677	4
2621	1
676	2
675	4
674	1
673	7
672	4
703	3
700	1
701	4
699	2
696	4
697	1
694	1
692	2
690	1
691	6
688	3
689	2
653	3
652	2
655	5
649	4
648	7
651	1
650	4
645	2
644	2
647	1
646	4
641	5
640	3
643	2
642	2
668	2
669	1
670	2
671	2
664	1
665	4
666	1
667	1
661	6
662	3
663	6
656	4
657	1
658	1
659	3
747	1
746	1
745	1
744	1
751	2
750	2
748	2
739	1
738	2
737	1
736	1
743	3
742	1
741	5
740	3
762	3
763	2
760	1
761	2
767	3
765	2
754	1
755	2
752	3
753	1
758	3
756	1
757	1
713	1
715	1
714	3
717	3
716	1
719	4
718	1
705	3
707	3
706	4
709	4
708	2
711	3
710	3
728	2
729	2
730	5
731	1
732	2
733	1
734	2
735	2
721	1
722	2
724	3
726	4
727	2
820	1
823	1
822	1
816	1
819	5
818	1
829	3
828	1
831	1
825	2
824	4
827	1
826	1
804	1
805	1
806	1
807	2
800	1
801	2
802	1
814	2
815	1
809	4
810	3
791	1
787	1
785	1
784	4
799	3
798	3
797	1
796	1
775	1
772	1
773	1
768	1
769	4
783	2
780	3
778	1
779	1
776	1
777	2
880	1
883	1
882	1
885	1
884	1
887	1
889	1
888	1
890	2
892	1
894	2
868	2
870	1
871	3
872	1
873	2
875	1
876	2
879	3
850	1
849	2
848	1
854	1
853	1
852	1
859	2
863	1
862	2
861	2
834	3
835	2
833	1
838	5
839	1
836	2
837	3
842	3
843	1
840	3
845	1
959	2
952	1
954	1
955	2
948	1
945	1
946	1
943	1
939	2
938	1
933	2
934	1
929	1
928	1
931	1
926	1
927	1
924	1
925	1
920	1
918	1
919	2
916	1
917	2
915	1
912	2
913	2
910	2
909	1
2835	1
906	1
905	1
904	1
903	1
902	2
901	1
898	3
897	1
896	1
1016	1
1018	1
1011	1
1015	3
1001	1
1003	3
993	1
992	1
995	1
996	1
998	2
986	1
984	1
991	3
988	1
976	1
977	1
983	1
980	1
970	1
969	1
974	1
961	2
960	1
965	1
964	1
1099	1
1092	1
1090	1
1118	1
1114	1
1108	1
1111	3
1110	1
1135	2
1132	1
1133	1
1130	1
1128	1
1129	1
1126	1
1127	1
1124	1
1125	1
1151	1
1148	1
1147	1
1144	1
1143	1
1142	2
1141	1
1033	2
1034	1
1036	1
1039	1
1027	1
1031	1
1049	1
1042	1
1044	1
1047	1
1065	2
1070	1
1059	1
1056	1
1081	2
1080	1
1078	2
1077	1
1223	1
1218	1
1229	1
1230	1
1224	1
1239	1
1243	1
1260	1
1258	1
1268	1
1277	1
1274	1
1273	1
1159	1
1158	1
1161	1
1163	1
1165	1
1164	1
1169	2
1170	1
1171	1
1174	1
1175	1
1176	2
1178	2
1183	3
1187	1
1185	2
1184	2
1191	1
1190	1
1188	1
1198	1
1196	2
1203	2
1207	1
1205	1
1210	2
1208	1
1215	1
1364	1
1362	1
1358	1
1353	1
1351	1
1407	1
1401	1
1393	1
1390	2
1309	1
1288	1
1295	1
1293	1
1283	1
1336	1
1339	1
1340	1
1342	1
1333	1
1335	1
1321	1
1313	1
1314	1
1316	1
1318	1
1319	2
1492	1
1486	1
1482	1
1480	1
1416	1
1422	2
1421	1
1470	1
1442	1
1636	1
1580	1
1585	1
1564	1
1560	1
1555	1
1705	1
1724	1
1693	1
1903	1
1865	1
1871	1
1833	1
1795	1
2020	1
1976	1
3902	1
