0	57597
1	825280
2	46624
3	39138
4	37377
5	38440
6	40371
7	42638
8	44133
9	45046
10	45195
11	44505
12	43327
13	42167
14	40473
15	38599
17	34640
16	36814
2184	1
19	30844
18	32619
21	26964
20	28771
23	23066
22	25082
25	19753
24	21528
27	16678
26	18272
29	14389
28	15770
31	12392
30	13400
34	9897
35	9106
32	11507
33	10607
38	7361
39	6951
36	8597
2237	1
37	7990
42	5625
43	5289
40	6465
41	6016
46	4336
47	4173
44	5018
45	4733
2229	1
51	3254
50	3508
49	3687
48	4015
55	2651
54	2827
53	2953
52	3186
59	2156
58	2261
57	2341
56	2511
63	1761
62	1842
61	2048
60	1993
68	1366
69	1302
70	1246
71	1229
64	1700
65	1550
66	1474
67	1450
76	1000
77	1019
78	871
79	932
72	1202
73	1113
74	1139
75	1007
85	726
84	747
87	654
86	720
81	821
80	877
83	805
82	789
93	576
92	620
95	508
94	511
89	656
88	663
91	588
90	631
102	443
103	439
100	465
101	463
98	509
99	494
96	531
97	514
110	381
111	381
108	373
109	378
106	404
107	361
104	412
105	411
119	281
118	295
117	304
116	290
115	314
114	334
113	325
112	372
127	190
126	268
125	265
124	263
123	232
122	259
121	268
120	259
137	173
136	203
139	177
138	183
141	138
140	202
143	189
142	173
129	207
128	239
131	239
130	208
133	205
132	233
135	192
134	211
152	136
153	142
154	129
155	136
156	148
157	147
158	130
159	137
144	163
145	172
146	166
147	153
148	145
149	149
150	167
151	138
171	101
170	89
169	116
168	105
175	91
174	86
173	95
172	92
163	102
162	136
161	137
160	117
167	109
166	109
165	137
164	111
186	86
187	72
184	71
185	86
190	75
191	79
188	74
189	80
178	107
179	98
176	82
2089	1
177	82
182	75
183	74
180	89
181	82
205	60
204	66
207	59
206	67
201	70
200	66
203	80
202	71
197	55
196	73
199	70
198	68
193	76
192	71
195	78
194	72
220	50
221	53
222	49
223	41
216	58
217	65
218	51
219	60
212	59
213	61
214	57
215	49
208	55
209	52
210	47
211	38
239	30
238	43
237	43
236	45
235	53
234	46
233	37
232	45
231	42
230	48
229	38
2173	1
228	46
227	54
226	58
225	51
224	38
254	46
255	41
252	36
253	46
250	40
251	37
248	38
249	44
246	38
247	31
244	41
245	42
242	36
243	40
240	46
241	37
275	32
274	29
273	28
272	40
279	28
278	26
277	25
276	21
283	28
282	29
281	25
280	26
287	22
286	25
285	32
284	22
258	28
259	39
256	46
257	45
262	34
263	41
260	43
261	33
266	42
267	33
264	31
265	21
270	33
271	29
268	29
269	37
305	21
304	24
307	23
306	21
309	15
308	23
311	15
310	11
313	24
312	15
315	15
314	22
317	29
316	22
319	21
318	19
288	17
289	28
290	16
291	29
292	29
293	23
294	31
295	27
296	32
297	17
298	20
299	17
300	28
301	26
302	23
303	19
343	17
342	13
341	16
340	24
339	19
338	21
337	15
336	14
351	9
350	12
349	15
348	10
347	17
346	15
345	9
344	13
326	17
327	13
324	17
325	14
322	14
323	14
320	17
321	22
334	28
335	20
332	23
333	19
330	15
331	26
328	18
329	13
373	19
372	14
375	15
374	12
369	9
368	13
371	8
370	10
381	11
380	10
383	13
382	12
377	11
376	9
379	17
378	14
2530	1
356	16
357	14
358	16
359	14
352	7
353	11
354	25
355	18
364	17
365	11
366	14
367	9
360	7
361	19
362	13
363	13
410	8
411	7
408	10
409	9
414	9
415	7
412	14
413	7
402	9
403	9
400	9
401	4
406	7
407	12
404	14
2317	1
405	10
395	17
394	11
393	10
392	11
399	8
398	8
397	11
396	6
387	14
386	17
385	5
384	16
391	8
390	5
389	13
388	10
440	6
441	7
442	6
443	10
444	7
445	5
446	7
447	6
432	5
433	7
434	12
435	6
436	4
437	11
438	4
439	9
425	9
424	10
427	9
426	7
429	4
428	5
431	7
430	11
417	11
416	12
419	6
418	9
421	9
420	12
423	10
422	10
478	6
479	5
476	4
477	6
474	4
475	12
472	6
473	5
470	5
471	5
468	5
469	5
466	6
467	9
464	6
465	7
463	4
462	6
461	9
460	6
459	6
458	5
457	4
456	8
455	8
454	6
453	4
452	9
451	8
450	8
449	8
448	8
508	4
509	13
510	10
511	8
504	12
505	17
506	15
507	10
500	12
501	7
502	5
503	14
496	10
497	10
498	13
499	9
493	6
492	8
495	4
494	9
489	9
488	5
491	14
490	7
485	9
484	7
487	3
486	9
481	9
480	7
483	7
482	7
550	4
551	3
548	9
549	10
546	13
547	7
544	9
545	2
558	11
559	8
556	6
557	3
554	6
555	5
552	6
553	8
567	5
566	3
565	4
564	5
563	8
562	3
561	4
560	5
575	4
574	5
573	4
572	1
571	6
2723	1
570	1
569	4
568	4
516	9
517	7
518	14
519	11
512	10
2712	1
513	7
514	12
515	5
524	6
525	7
526	7
527	5
520	7
521	9
522	5
523	1
533	3
532	3
535	6
534	7
529	5
528	6
531	12
530	3
541	6
540	9
543	6
542	10
537	5
536	5
539	6
538	7
610	2
611	1
608	4
609	5
614	5
615	3
613	2
618	4
619	1
616	2
617	5
622	2
623	3
620	6
621	3
627	6
626	5
625	5
624	1
631	6
630	4
629	6
628	2
635	2
634	4
633	2
632	4
639	4
638	5
637	2
636	4
576	3
577	5
578	6
579	6
580	3
581	8
582	8
583	6
584	4
585	5
586	1
587	1
588	3
589	1
590	5
591	3
593	3
592	5
595	3
594	3
597	3
596	6
599	5
598	10
601	2
600	5
603	3
602	3
605	5
604	3
606	7
687	4
686	1
685	1
684	3
683	1
682	6
681	5
680	1
679	3
678	3
676	3
675	3
674	1
673	3
672	6
702	3
703	1
700	3
701	2
699	8
696	3
697	3
694	5
695	3
692	3
693	2
690	1
691	2
688	4
689	3
652	4
655	5
654	1
649	4
648	4
651	1
650	3
645	4
644	2
646	1
641	3
640	3
643	1
642	2
668	1
669	1
670	2
671	2
664	4
665	1
666	1
667	7
660	4
661	2
662	3
663	4
656	3
657	4
658	1
659	1
747	4
746	5
745	1
744	2
751	4
750	3
749	3
748	1
739	2
738	5
737	3
736	2
743	1
742	2
741	3
740	4
762	1
763	3
760	3
761	1
766	5
767	2
764	2
765	2
754	2
755	3
752	2
753	2
758	7
759	2
757	2
713	2
712	2
715	1
714	2
717	4
716	1
719	4
718	3
705	3
704	2
707	3
706	4
709	4
708	1
711	3
728	5
729	3
730	3
731	5
732	4
733	4
734	1
735	1
720	5
721	1
722	3
723	4
724	3
725	4
726	2
727	4
821	2
820	2
823	1
822	3
817	4
816	5
819	1
818	2
829	1
831	1
830	3
825	1
824	1
827	1
826	2
804	3
805	2
806	2
800	3
801	3
802	1
803	1
812	1
814	2
815	3
808	2
809	1
810	1
811	2
790	1
789	4
788	2
787	2
786	3
785	3
784	5
799	2
798	1
797	3
796	1
795	3
794	2
793	2
792	1
774	3
775	2
772	3
773	3
770	3
771	4
768	2
769	1
782	3
783	5
781	3
778	2
779	1
776	1
777	2
881	2
880	1
883	3
885	1
887	3
886	1
889	2
888	3
891	2
890	2
893	1
892	2
895	1
894	2
864	1
867	1
868	2
869	1
870	3
871	2
873	2
874	1
876	3
877	2
879	1
851	1
850	2
849	2
854	1
852	2
858	2
856	1
863	1
862	3
861	1
860	4
834	3
835	3
832	4
833	3
838	5
839	2
842	2
843	3
840	3
846	1
847	3
844	1
2853	1
958	1
959	2
952	1
953	2
948	1
950	3
944	3
946	1
947	3
941	2
943	2
937	1
939	3
938	1
933	2
932	2
935	2
934	1
929	2
927	2
924	1
922	2
920	1
921	1
919	1
916	2
917	2
915	2
912	2
913	1
911	2
910	2
909	2
908	1
907	1
906	1
905	1
904	3
903	1
902	1
901	1
899	2
897	2
896	1
1016	1
1020	1
1008	2
1009	1
1011	3
1013	1
1003	2
1002	1
1004	2
1007	1
1006	1
993	1
992	2
994	2
997	1
996	1
999	1
987	1
984	1
991	1
989	1
979	2
977	1
981	1
971	1
970	3
969	2
968	1
975	2
974	1
973	1
972	1
962	1
961	2
960	1
966	1
1096	1
1098	1
1099	1
1088	2
1090	1
1117	1
1116	1
1119	1
1118	1
1113	1
1112	1
1115	1
1114	2
1109	2
1111	2
1105	1
1104	1
1107	1
1135	1
1130	2
1131	2
1128	1
1129	1
1124	1
1151	1
1149	1
1146	1
1145	2
1144	1
1143	1
1142	1
1141	1
1137	1
1136	1
1032	1
1033	1
1034	1
1038	2
1029	2
1048	1
1050	2
1053	1
1055	2
1041	1
1040	4
1043	1
1042	2
1045	2
1046	1
1066	2
1067	1
1065	2
1070	2
1068	1
1059	2
1056	1
1057	1
1062	1
1063	1
1060	1
1081	2
1080	1
1087	2
1084	1
1074	1
1072	2
1079	1
1078	1
1076	1
1221	2
1219	1
1218	3
3157	1
1228	1
1231	7
1225	2
1226	2
1238	2
1232	2
1233	1
1235	1
1247	1
1242	1
1252	2
1249	1
1248	4
1263	1
1260	1
1269	1
1264	1
1279	1
1275	1
1273	1
1152	1
1157	1
1156	1
1159	2
1165	1
1164	2
1170	1
1171	2
1173	1
1174	2
1175	1
1176	2
1180	2
3078	1
1183	1
1186	1
1185	2
1184	3
1190	1
1189	1
1195	1
1194	1
1193	1
1202	1
1203	2
1206	1
1207	2
1204	1
1205	1
1209	1
1215	3
1213	1
1373	1
1372	1
1371	1
1369	1
1365	1
1363	1
1362	3
1355	1
1351	1
1349	1
1345	1
1405	1
1402	2
1397	1
1396	2
1399	2
1398	1
1388	1
1391	1
1386	1
1387	1
1380	2
1381	1
1382	1
1376	1
1307	1
1304	1
1311	1
1310	1
1297	1
1303	2
1302	1
1301	1
1300	1
1291	1
1288	1
1280	1
1287	1
1341	2
1340	3
1342	1
1329	1
1328	2
1335	1
1321	1
1323	1
1325	1
1315	1
1316	2
1319	2
1491	2
1500	1
1477	1
1475	1
1521	1
1509	1
1504	1
1519	2
1425	1
1431	1
1428	1
1433	1
3334	1
1437	1
1414	1
1413	2
1419	1
1416	1
1421	2
1457	3
1461	1
1462	1
1463	2
1464	2
1466	1
1467	1
1470	2
1471	2
1444	1
1447	1
1449	1
1448	2
1451	2
1453	2
1454	2
1644	1
1635	1
1654	1
1608	2
1617	1
1580	1
1572	1
1570	1
1599	1
1593	1
1591	1
1586	1
1549	1
1550	1
1539	1
1555	1
1732	1
3679	1
1742	1
1673	1
4081	1
1861	1
3961	1
2007	1
2010	1
1960	1
