0	140451
1	707616
2	40131
3	33699
4	33324
5	34624
6	36525
7	38582
8	39905
9	40436
10	40603
11	39645
12	38450
13	36964
14	35714
15	33852
17	30144
16	31915
19	26307
18	27985
21	22841
20	24304
23	19290
22	21077
25	16732
2177	1
24	18176
27	14018
26	15018
29	12097
28	13234
31	10373
30	11066
34	8255
35	7741
32	9529
33	8633
38	6203
39	5705
36	6992
37	6406
42	4725
43	4304
40	5329
41	4902
46	3603
47	3442
44	4110
2229	1
45	3842
51	2643
50	2821
49	3118
48	3311
55	2229
54	2236
53	2439
52	2566
59	1619
58	1828
57	1927
56	2043
63	1422
62	1535
61	1602
60	1677
68	1104
69	1125
70	1036
71	999
64	1423
65	1307
66	1201
67	1206
76	848
77	791
78	789
79	753
72	1052
73	961
74	931
75	811
85	588
84	619
87	548
86	546
81	708
80	719
83	675
82	679
93	515
92	481
95	491
94	468
89	557
88	528
91	494
90	484
102	379
103	393
100	412
101	409
98	455
99	447
96	468
97	450
110	319
111	317
108	316
109	302
106	358
107	328
104	376
105	327
119	244
118	241
117	221
116	245
115	253
114	284
113	263
112	267
127	199
126	214
125	202
124	221
123	233
122	226
121	201
120	239
137	154
136	153
139	138
138	184
141	153
140	137
143	157
142	152
129	201
128	206
131	189
130	193
133	198
132	180
135	164
134	171
152	123
153	125
154	103
155	104
156	118
157	105
158	115
159	108
144	136
145	131
146	142
147	115
148	130
149	135
150	118
151	119
171	93
170	84
169	95
168	88
175	80
174	71
173	91
172	87
163	104
162	105
161	106
160	93
167	84
166	85
165	91
164	97
186	67
187	63
184	77
185	77
190	68
191	69
188	61
189	72
178	68
179	63
176	81
177	78
182	73
2095	1
183	75
180	76
181	72
205	51
204	50
207	52
206	43
201	52
200	49
203	61
202	61
2130	1
197	54
196	67
199	71
198	49
193	61
192	70
195	59
194	68
220	39
221	46
222	39
223	36
216	61
2112	1
217	52
218	53
219	44
212	52
213	38
214	43
215	42
208	50
209	51
210	41
211	56
239	31
238	58
237	45
236	46
235	38
234	42
233	35
232	32
231	37
230	39
229	38
228	46
227	34
226	52
225	42
224	56
254	27
255	43
252	37
253	24
250	29
251	32
248	36
249	27
246	38
247	30
244	39
245	37
242	37
243	44
240	31
241	35
275	25
274	21
273	20
272	23
279	19
278	26
277	28
276	21
283	19
282	22
281	29
280	23
287	20
286	21
285	17
284	20
258	21
259	44
256	41
257	28
262	23
263	30
260	20
261	40
266	22
267	24
264	30
265	24
270	22
271	20
268	38
269	21
305	14
304	13
307	21
306	30
309	8
308	22
311	19
310	11
313	18
312	22
315	19
314	17
317	16
316	15
319	13
318	16
288	24
289	22
290	21
291	26
292	19
293	24
294	26
295	21
296	19
297	10
298	32
299	16
300	13
301	19
302	22
303	21
343	12
342	11
341	17
340	12
339	21
338	11
337	17
336	8
351	13
350	13
349	17
348	7
347	18
346	10
345	14
344	8
326	14
327	22
324	9
325	10
322	16
323	9
320	20
321	10
334	9
335	17
332	22
333	20
330	16
331	17
328	14
329	11
373	6
372	11
375	9
374	11
369	14
368	11
371	11
370	10
381	6
380	18
383	10
382	11
377	13
376	16
379	5
378	11
356	16
357	13
358	13
359	15
352	12
353	10
354	13
355	11
364	15
365	12
366	6
367	16
360	15
361	15
362	12
363	22
410	11
411	11
408	7
409	10
414	7
415	5
412	7
413	9
402	11
403	12
400	7
2312	1
401	10
406	12
407	7
404	14
405	10
395	15
394	6
393	15
392	10
399	13
398	6
397	3
396	11
387	6
386	12
385	6
384	6
391	7
390	5
389	14
388	11
440	8
441	4
442	4
443	6
444	7
445	6
446	2
447	5
432	4
433	9
434	8
435	7
436	11
437	10
438	8
439	9
425	5
424	5
427	4
426	3
429	7
428	7
431	2
430	8
417	8
416	11
419	5
418	6
421	5
420	5
423	7
422	6
478	15
479	2
476	5
477	5
474	11
475	7
472	4
473	12
470	3
471	7
468	8
469	5
466	4
467	10
464	5
465	5
463	10
462	4
461	5
460	9
459	8
458	5
457	7
456	5
455	11
454	6
453	6
452	4
451	10
450	8
449	7
448	2
508	11
509	7
510	5
511	9
504	11
505	9
2401	1
506	8
507	8
500	15
501	13
502	8
503	12
496	11
497	20
498	10
499	16
493	10
492	10
495	18
494	10
489	8
488	9
491	8
490	12
485	5
484	7
487	15
486	7
481	7
480	6
483	3
482	8
550	6
551	7
548	2
549	13
546	3
547	1
544	4
545	5
558	6
559	2
556	5
557	8
555	5
552	5
553	4
567	7
566	6
565	6
564	5
563	1
562	8
561	3
560	5
575	2
574	4
573	4
572	4
570	4
569	4
568	3
516	10
517	7
518	8
519	7
512	8
513	5
514	4
515	7
524	1
525	7
526	4
527	3
520	7
521	3
522	4
523	12
533	9
532	3
535	3
534	4
529	6
2697	1
528	5
531	7
530	2
541	2
540	10
543	5
542	6
537	4
536	6
539	3
538	4
610	2
611	1
608	2
609	5
614	2
615	2
612	3
613	1
618	5
619	3
616	3
617	3
622	3
623	4
620	2
621	5
627	2
626	4
625	5
624	3
631	2
630	3
629	2
628	6
635	1
634	1
633	4
632	3
639	3
638	2
637	6
636	6
576	2
577	4
578	6
579	3
580	5
581	5
582	4
583	6
584	7
586	2
587	4
588	2
589	4
590	2
591	6
593	4
592	4
595	4
594	1
597	6
596	4
599	1
598	2
601	4
600	2
603	5
602	5
605	2
606	3
687	6
686	5
685	2
684	1
683	5
682	2
680	1
679	3
677	3
676	1
675	2
674	3
673	7
672	3
702	5
703	1
700	1
701	2
698	3
699	3
696	3
697	2
694	2
695	4
692	1
693	1
690	1
691	4
688	6
689	2
653	2
652	2
655	3
654	7
649	3
648	5
651	2
650	3
645	3
644	5
647	5
646	4
641	5
640	2
643	4
642	3
668	3
669	1
670	5
671	1
664	2
665	6
667	2
660	3
661	5
662	3
663	4
656	3
657	4
658	3
659	2
747	1
746	2
750	5
748	2
739	5
738	3
736	3
743	2
742	1
741	1
740	2
760	4
761	1
766	1
767	3
764	3
765	6
754	2
755	2
752	1
753	1
758	6
759	3
756	4
757	1
713	4
712	2
714	1
717	1
716	3
718	2
705	2
704	2
707	5
706	8
709	3
708	4
711	2
710	5
728	1
729	1
730	1
731	2
732	1
733	2
734	5
735	1
720	4
721	4
722	4
724	3
725	2
726	7
727	1
821	1
823	1
822	1
816	3
819	1
830	5
825	2
824	2
826	2
804	1
805	2
806	1
807	2
800	2
803	1
812	1
813	4
814	4
810	2
811	1
791	3
790	1
789	5
788	3
786	1
785	2
799	1
797	3
796	1
795	2
794	1
793	2
792	1
774	1
775	2
772	1
773	1
770	3
768	1
769	2
782	2
783	6
780	3
781	6
778	2
776	2
777	1
881	3
882	1
884	2
887	3
886	2
889	1
888	1
890	1
893	1
895	1
894	3
864	1
865	1
866	1
870	1
3071	1
871	2
872	3
873	2
874	1
876	1
877	1
878	1
879	2
855	1
854	2
853	2
852	1
859	1
858	2
857	1
856	1
863	3
861	2
834	1
835	1
832	3
833	4
839	1
836	2
837	2
842	3
843	1
840	1
841	3
846	1
847	1
845	1
958	2
959	1
952	2
948	1
949	4
944	2
941	2
940	1
943	2
936	2
938	1
933	1
932	1
934	2
928	1
931	2
930	3
926	1
927	1
924	1
925	2
923	1
920	4
921	2
918	1
919	1
917	2
914	1
915	1
911	1
906	1
905	1
902	1
901	2
899	1
898	1
896	2
1016	1
1017	1
1019	1
1021	1
1022	1
1023	1
1008	1
1010	1
1014	1
1015	3
1001	2
1002	2
1005	2
1004	4
1007	1
1006	1
992	1
997	1
986	2
987	1
985	2
988	2
989	2
978	1
982	1
983	3
981	1
970	2
975	1
972	3
963	1
961	2
1102	1
1096	1
1098	2
1099	2
1092	1
1089	2
1117	1
1112	1
1109	2
1111	1
1107	1
1106	2
1134	1
1132	4
1130	1
1128	1
1127	2
1122	1
1121	1
1147	1
1145	2
1144	3
1136	1
1032	2
1037	1
1038	2
1039	2
1025	3
1026	2
1028	1
1030	1
1031	1
1048	1
1053	2
1055	1
1054	1
1040	1
1043	2
1044	2
1047	2
1070	1
1069	2
1056	1
1061	1
1083	1
1082	1
1085	1
1084	1
1074	2
1073	1
1220	1
1223	1
1217	2
1219	1
1218	1
1229	1
1228	2
1231	2
1224	1
1237	1
1238	1
1232	1
1233	1
1245	1
1247	1
1241	1
1252	1
1249	1
1248	1
1258	1
1257	1
1264	1
1265	1
1275	1
1152	1
1154	1
1158	1
1167	1
1168	1
1170	2
1172	1
1173	1
1174	1
1175	1
1176	2
1178	2
1179	1
1182	1
1183	2
1187	1
1185	1
1191	1
1189	2
1194	2
1192	1
1199	3
1198	1
1197	1
1202	2
1203	1
1205	2
1212	2
1375	1
1371	2
1365	2
1363	1
1356	1
1357	2
1355	1
1348	2
1346	1
1344	1
1406	2
1400	1
1396	1
1392	1
1389	1
1390	1
1386	1
1380	1
1379	1
1304	1
1309	1
1296	1
1302	1
1301	1
1300	1
1291	1
1289	1
1295	1
1282	1
3486	1
1287	2
1339	2
1338	1
1343	1
1328	1
1334	1
1321	1
1323	1
1325	1
1326	1
1312	1
1314	2
1316	1
1494	1
1478	1
1484	1
1526	1
1527	1
1535	1
1508	1
1435	1
1410	1
1409	1
1408	2
1415	1
1413	1
1416	1
1458	1
1462	1
1467	1
1468	1
1470	1
1442	1
1445	1
1444	1
1449	2
1448	1
1646	1
1657	1
1649	1
1572	1
1599	1
1589	1
1584	1
1547	1
1560	1
1762	1
1716	1
1665	1
1882	1
1867	1
3960	1
2027	1
1970	1
