0	243785
1	76775
2	8467
3	9386
4	9809
5	9941
6	9134
7	8803
8	8379
9	8021
10	7426
11	7105
12	6355
13	5853
14	5297
15	5164
17	4255
16	4825
19	4007
1119	1
18	3967
21	3199
20	3834
23	3023
22	3182
25	2511
24	2767
27	2122
26	2220
29	1821
28	1980
31	1602
30	1713
34	1300
35	1162
32	1498
33	1397
38	1005
39	902
36	1104
37	1041
42	786
43	729
40	870
1124	1
41	869
46	604
1122	1
47	575
44	703
45	613
51	448
50	462
49	498
48	523
55	393
54	377
53	393
52	418
59	284
1143	1
1142	1
58	318
57	326
56	343
63	260
62	257
61	266
60	275
68	219
69	170
70	174
71	175
64	251
65	204
66	227
67	171
76	142
77	133
78	140
79	124
72	175
73	151
74	175
75	157
85	99
84	129
87	98
86	113
81	114
80	123
83	122
82	136
93	101
92	102
95	91
94	80
89	117
88	107
91	79
90	96
102	68
103	58
100	71
101	66
98	79
99	73
96	79
97	71
110	46
111	48
108	60
1056	1
109	47
106	50
107	53
1060	1
104	55
105	51
119	44
118	44
117	37
116	50
115	29
114	50
113	55
112	50
127	38
126	39
1074	1
125	34
124	31
123	41
122	37
121	44
1077	1
120	37
137	26
1221	1
136	30
139	34
138	24
2066	1
141	23
140	28
143	28
142	18
129	24
128	37
131	36
130	28
133	35
132	28
135	40
134	34
152	16
153	18
154	18
155	16
156	10
157	16
158	26
159	21
144	20
145	27
146	22
147	22
148	18
149	27
150	21
151	21
171	14
170	17
169	20
168	16
175	16
174	10
173	19
172	10
163	20
162	23
161	28
160	19
167	14
166	19
165	16
1257	1
164	15
186	30
187	15
184	21
185	10
190	12
191	14
188	18
189	9
178	17
179	16
176	7
177	19
182	21
183	7
180	10
181	19
205	11
204	12
207	17
206	16
201	7
200	8
203	12
202	11
197	18
196	12
199	9
198	9
193	17
192	12
195	11
194	13
220	16
221	7
222	10
223	9
216	12
217	4
218	16
219	11
212	11
213	13
214	14
215	10
208	14
209	12
210	13
211	8
239	10
238	13
237	12
236	14
235	9
234	10
233	15
232	12
1188	1
231	8
230	11
229	8
228	11
227	12
226	12
225	17
224	8
254	18
255	9
252	9
253	12
250	11
251	4
248	10
1204	1
249	9
246	6
247	11
244	10
245	10
242	9
243	10
240	13
1212	2
241	18
1213	1
275	6
274	5
273	5
272	4
279	7
278	11
277	4
276	10
283	3
282	9
281	7
280	12
287	5
286	6
285	3
284	3
258	10
259	8
256	9
257	9
262	5
263	10
260	6
2460	1
261	9
266	8
267	4
264	6
265	12
270	7
271	6
268	2
269	9
305	2
304	1
307	1
309	7
308	6
311	3
310	3
313	4
312	3
315	3
314	3
317	2
316	3
319	3
318	1
288	7
289	6
290	7
291	4
292	2
293	4
294	5
295	7
296	8
297	3
298	3
299	4
300	2
301	4
302	2
303	4
343	2
341	4
340	3
339	4
337	3
336	3
351	2
350	2
349	1
348	6
347	1
346	3
345	1
344	2
326	5
327	3
324	3
325	2
322	3
323	3
320	1
321	1
334	2
335	1
332	5
333	3
330	3
331	4
328	1
329	3
373	1
372	3
375	2
374	3
368	3
371	2
370	7
381	3
380	2
382	1
377	5
379	3
378	2
1334	1
356	7
357	3
359	3
354	3
355	1
364	2
365	3
366	3
360	1
362	1
363	1
410	1
411	1
408	4
409	2
414	3
415	1
412	3
413	1
403	5
400	3
407	3
404	2
405	5
395	2
394	2
392	1
399	3
398	3
397	4
387	2
386	4
385	3
384	1
391	2
390	3
389	2
388	3
440	3
442	1
443	2
447	1
432	1
433	2
436	1
437	2
438	3
439	1
425	1
424	3
427	1
429	1
428	1
431	3
430	1
417	1
416	2
419	3
421	2
420	4
423	3
422	1
476	2
477	2
475	3
472	3
473	1
470	2
468	2
469	2
466	2
464	3
465	3
1437	1
462	2
461	1
2388	1
460	1
457	3
454	2
453	1
452	2
451	1
450	1
449	3
508	2
509	1
510	2
511	2
504	1
506	2
507	2
500	2
501	1
502	2
496	2
497	4
498	6
499	1
492	2
495	2
491	1
490	4
485	1
487	1
486	1
481	3
550	1
549	1
547	2
544	1
545	2
559	1
556	1
557	1
554	1
555	1
552	2
567	2
561	1
574	2
572	2
571	1
570	1
569	1
516	4
517	1
518	2
519	1
514	1
515	2
524	2
525	2
526	1
527	2
521	1
522	2
533	1
535	1
534	1
528	1
531	2
540	1
542	2
536	1
539	1
610	4
609	1
614	1
625	1
631	1
633	1
632	2
639	1
577	1
1550	1
582	1
584	1
585	2
589	2
590	1
593	1
594	3
597	2
596	1
603	1
607	2
606	1
679	1
678	1
700	1
697	1
690	2
688	1
649	1
648	1
645	1
647	1
640	2
642	1
670	1
663	1
656	1
746	1
737	1
765	1
755	1
712	1
719	1
705	1
706	1
708	1
711	1
710	1
829	1
804	1
791	1
787	1
773	1
869	2
875	1
876	1
957	1
959	1
920	1
1020	2
1982	1
1010	1
