0	295214
1	171208
2	12083
3	13419
4	14370
5	14866
6	14828
7	14754
8	14723
9	14285
10	13638
11	12716
12	12407
13	11576
14	10642
15	10165
17	8536
16	9399
19	7684
18	8210
21	6758
20	7092
23	5954
22	6563
25	5279
24	5608
27	4503
26	4804
29	3994
28	4263
31	3471
30	3775
34	2855
35	2681
32	3217
33	2965
38	2288
39	2146
36	2543
37	2386
42	1663
43	1581
40	1962
41	1820
46	1360
47	1176
44	1503
45	1406
51	1012
50	1098
49	1093
48	1176
55	759
54	799
53	918
52	948
59	626
58	730
57	686
56	756
63	539
62	578
61	581
60	644
68	387
69	409
70	383
71	395
64	501
65	482
66	457
67	459
76	314
77	287
78	323
79	280
72	379
73	364
74	342
75	314
85	235
84	236
87	243
86	202
81	268
80	257
83	220
82	254
93	213
92	198
95	169
94	201
89	215
88	198
91	191
90	217
102	141
103	147
100	136
101	150
98	151
99	193
96	181
97	159
110	116
111	104
108	121
109	115
106	115
107	121
104	131
105	125
119	101
118	89
117	109
116	113
115	98
114	110
113	106
112	127
127	84
126	83
125	80
124	80
123	82
122	70
121	95
120	70
137	57
136	62
139	55
138	55
141	48
140	52
143	63
142	51
129	72
128	62
131	74
130	80
133	60
132	61
135	57
134	63
152	49
153	34
154	47
155	38
156	51
157	60
158	33
159	30
144	50
145	59
146	39
147	39
148	53
149	36
150	54
151	51
171	41
170	37
169	31
168	46
175	21
174	21
173	35
172	32
163	39
162	38
161	44
160	29
167	40
166	39
165	43
164	35
186	20
187	32
184	23
185	23
190	20
191	20
188	34
189	33
178	30
179	36
176	30
177	26
182	28
183	23
180	13
181	33
205	22
2133	1
204	22
207	20
206	17
201	27
200	25
203	20
202	15
197	33
196	24
199	24
198	26
193	19
192	33
195	24
194	25
220	19
221	17
222	11
223	17
216	21
217	15
218	16
219	12
212	13
213	26
214	22
215	15
208	14
209	9
210	16
211	18
239	13
238	14
237	21
236	9
235	15
234	12
233	15
232	24
231	15
230	12
229	12
228	23
227	12
226	10
225	11
224	15
254	16
255	14
252	17
253	12
250	11
251	14
248	12
249	10
246	14
247	13
244	13
245	11
242	12
243	15
240	13
241	13
275	17
274	13
273	11
272	10
279	12
278	20
277	9
276	13
283	11
282	15
281	9
280	11
287	10
286	7
285	6
284	9
2436	1
258	12
259	12
256	10
257	9
262	9
263	12
260	15
261	18
266	7
267	8
264	17
265	12
270	9
271	11
268	13
269	13
305	8
304	6
307	5
306	12
309	10
308	9
311	7
310	14
313	13
312	8
315	6
314	8
317	6
316	5
319	14
318	5
288	7
289	10
290	12
291	12
292	9
293	11
294	12
295	8
296	15
297	6
298	11
299	8
300	10
301	12
302	13
303	11
343	6
342	3
341	3
340	7
339	4
338	7
337	7
336	8
351	1
350	6
349	5
348	5
347	9
346	7
345	3
344	4
326	7
327	3
324	10
325	9
322	10
323	12
320	12
321	10
334	8
335	7
332	12
333	10
330	11
331	7
328	12
329	10
373	3
372	6
375	3
374	2
369	7
368	8
371	5
370	4
381	2
380	1
383	5
382	3
377	2
376	4
379	5
378	4
356	8
357	4
358	5
359	4
352	5
353	7
354	5
355	7
364	6
365	4
366	1
367	3
360	5
361	10
362	2
363	7
410	7
411	4
408	7
409	3
414	1
415	2
412	10
413	5
402	2
403	5
400	6
401	3
406	4
407	3
404	5
405	3
395	4
394	5
393	4
392	5
399	1
398	5
397	5
396	4
387	4
386	3
385	7
384	3
391	1
390	6
389	2
388	2
440	1
441	3
442	2
443	4
444	1
445	1
447	2
432	3
433	8
434	8
435	2
436	2
437	5
438	4
439	3
425	2
424	3
427	2
426	2
429	3
428	2
431	3
430	1
417	4
416	4
419	4
418	2
421	2
420	2
423	1
422	3
479	3
476	4
477	5
475	3
472	3
473	4
471	2
468	1
469	2
466	1
467	2
464	4
465	1
463	6
462	1
461	6
460	3
459	6
458	4
457	3
456	4
455	3
454	4
453	3
452	6
451	4
450	4
448	3
510	2
504	3
507	1
500	3
501	5
502	3
503	2
496	5
497	4
498	3
499	1
493	5
492	4
495	4
494	2
489	2
488	2
491	2
490	1
485	4
484	3
487	2
486	1
481	4
480	2
483	3
482	3
550	1
551	1
548	4
546	2
547	1
544	1
545	1
558	3
559	2
556	3
557	2
554	2
555	1
552	1
567	1
566	1
565	1
563	1
562	2
560	2
574	1
571	1
570	2
569	2
568	1
516	1
517	2
518	2
519	5
512	4
513	2
514	1
515	2
525	2
526	5
527	3
520	3
521	2
522	3
523	2
533	1
532	2
535	2
534	1
528	1
531	4
530	2
541	3
542	3
537	2
539	5
538	1
610	1
609	1
614	1
615	1
618	1
619	1
617	2
623	2
620	2
624	1
630	1
629	1
628	3
635	1
632	2
639	1
638	1
636	2
576	2
577	1
578	2
581	1
584	2
585	2
586	1
587	1
588	1
593	2
595	1
594	5
597	1
599	1
601	1
600	1
603	1
602	1
606	1
684	2
680	1
679	1
678	2
676	1
675	1
674	1
673	1
672	2
702	1
703	2
700	1
701	1
696	1
697	1
693	1
690	1
655	2
654	2
645	1
641	2
640	2
643	2
642	2
669	1
670	1
664	2
660	2
661	1
662	1
663	2
658	1
659	1
744	1
751	2
748	1
739	1
738	1
736	1
743	1
760	1
761	1
766	1
764	1
765	1
754	1
752	2
759	1
712	1
715	2
717	1
716	2
718	3
705	1
707	4
706	1
709	1
708	1
710	1
729	1
730	1
733	1
735	1
720	2
722	1
724	1
725	3
727	2
821	2
823	1
819	1
830	2
826	1
805	1
806	1
800	5
801	2
813	1
808	1
791	2
788	2
797	1
793	1
775	2
772	1
773	3
770	1
782	2
783	1
780	1
781	3
776	1
777	1
881	1
880	2
884	1
889	1
890	1
868	2
871	3
850	1
855	1
860	1
835	1
832	1
838	1
842	1
841	2
847	2
954	1
955	1
948	1
950	1
944	2
945	1
946	1
947	1
940	1
943	1
942	2
936	1
933	1
934	1
929	2
926	1
927	1
920	1
918	1
919	1
915	2
913	1
911	1
909	1
907	2
906	1
903	1
900	1
899	1
896	1
1020	3
1013	1
1001	1
1000	1
993	1
996	1
998	1
987	1
991	2
989	1
977	1
982	1
983	1
971	1
972	3
962	1
967	2
966	2
964	1
1102	1
1104	1
1133	1
1131	1
1151	1
1146	1
1141	1
1137	1
1027	1
1055	3
1040	1
1071	1
1056	1
1060	1
1228	1
1231	1
1246	1
1264	1
1154	1
1172	1
1174	1
1175	1
1188	1
1203	1
1291	1
1338	1
1313	1
1530	1
1436	1
1445	1
1650	1
3642	1
1998	1
