0	259583
1	463034
2	27093
3	25170
4	25665
5	26677
6	28004
7	29009
8	30009
9	30286
10	29061
11	28053
12	26767
13	25422
14	24036
15	22832
17	19656
16	21299
19	17276
18	18362
21	14654
20	15820
23	12568
22	13672
25	10861
24	11614
27	9233
26	10122
29	7833
28	8652
31	6714
30	7441
34	5405
35	4842
32	6140
33	5901
38	4068
39	3784
36	4580
37	4216
42	3025
43	2878
40	3706
41	3265
46	2375
47	2232
44	2720
45	2595
51	1723
50	1917
49	1916
48	2148
55	1459
54	1544
53	1531
52	1686
59	1136
58	1206
2210	1
57	1311
56	1378
63	1000
62	1021
61	999
60	1081
68	785
69	736
70	720
71	670
64	935
65	865
66	901
67	836
76	633
77	532
78	517
79	541
72	702
73	640
74	647
75	642
85	414
84	461
87	390
86	396
81	488
80	508
83	451
82	442
93	324
92	378
95	321
94	313
89	416
88	397
91	411
90	371
102	259
103	256
100	297
101	243
98	284
99	288
96	299
97	313
110	214
111	190
108	227
109	222
106	219
107	226
104	218
105	204
119	160
118	165
117	203
116	177
115	183
2282	1
114	157
113	180
112	199
127	132
126	123
125	142
124	146
123	162
122	189
121	148
120	161
137	108
136	109
139	110
138	86
141	99
140	96
143	80
142	91
129	116
128	160
131	114
130	116
133	108
132	124
135	133
134	127
152	88
153	86
154	83
155	95
156	76
157	72
158	68
159	71
144	126
145	97
146	86
147	83
148	99
149	98
150	91
151	72
171	58
170	48
169	62
168	53
175	61
174	39
173	49
172	60
163	68
162	70
161	68
160	80
167	64
166	73
165	75
164	53
186	57
187	42
184	54
185	46
190	45
191	58
188	50
189	46
2085	1
178	53
179	54
176	48
177	55
182	55
183	63
180	47
181	63
205	33
204	53
207	33
206	30
201	44
200	37
203	40
202	38
197	46
196	52
199	36
198	46
193	51
192	47
195	44
194	47
220	19
221	20
222	22
223	27
216	32
217	39
218	35
219	24
212	36
213	32
214	26
215	27
208	23
209	29
210	41
211	31
239	28
238	26
237	26
236	28
235	33
234	27
233	21
232	34
231	25
230	24
229	30
228	25
227	40
226	20
225	30
224	27
254	16
255	17
252	18
253	26
250	27
251	29
248	15
249	22
246	24
247	23
244	19
245	18
242	27
243	20
240	32
241	20
275	12
274	14
273	8
272	15
279	13
278	15
277	21
276	16
283	10
282	16
281	11
280	10
287	10
286	15
285	16
284	10
258	14
259	15
256	19
257	25
262	19
263	17
260	15
261	14
266	18
267	16
264	21
265	11
270	9
271	14
268	20
269	18
305	4
304	13
307	6
306	16
309	8
308	15
311	7
310	9
313	11
312	13
315	9
314	6
317	14
316	10
319	8
318	8
288	19
289	16
290	14
291	8
292	18
293	15
294	10
295	12
296	11
297	11
298	13
299	11
300	12
301	16
302	12
303	10
343	14
342	17
341	15
340	5
339	9
338	8
337	7
336	13
351	14
350	12
349	10
348	6
347	5
346	5
345	11
344	8
326	8
327	9
324	9
325	15
322	11
323	9
320	15
321	7
334	5
335	7
332	7
333	7
330	7
331	12
328	7
329	9
373	2
372	9
375	10
374	8
369	12
368	3
371	4
370	11
381	6
380	11
383	13
382	6
377	11
376	5
379	4
378	9
356	12
357	4
358	8
359	6
352	11
353	10
354	5
355	14
364	13
365	10
366	15
367	10
360	7
361	17
362	11
363	9
410	9
411	12
408	5
2305	2
409	14
414	4
415	6
412	6
413	6
402	10
403	7
400	4
401	16
406	10
407	7
404	11
405	9
395	4
394	6
393	7
392	8
399	7
398	4
397	8
396	8
387	6
386	9
385	5
384	4
391	5
390	8
389	8
388	6
440	10
441	3
442	4
443	3
444	5
445	6
446	5
447	7
432	8
433	11
434	7
435	6
436	3
437	8
438	4
439	5
425	3
424	13
427	8
426	9
429	8
428	6
431	8
430	9
417	8
416	3
419	7
418	6
421	10
420	4
423	9
422	9
478	2
479	3
476	4
477	9
474	5
475	7
472	8
473	5
470	14
471	6
468	9
469	4
466	12
467	9
464	7
465	15
463	13
462	6
461	7
460	9
459	9
458	7
457	6
456	12
455	4
454	5
453	1
452	7
451	3
450	3
449	12
448	7
508	4
509	5
510	7
511	5
504	3
505	5
507	2
500	5
501	2
502	8
503	1
496	6
498	2
499	3
493	4
492	3
495	2
494	6
489	1
488	7
491	2
490	1
485	8
484	7
487	4
486	4
481	5
480	8
483	7
482	4
551	1
548	7
549	5
546	5
547	8
544	3
545	1
558	3
556	4
557	6
555	2
552	4
553	4
567	3
566	2
565	4
564	3
563	3
562	4
560	7
575	2
574	2
573	3
572	5
570	4
569	2
568	1
516	4
517	2
518	3
519	6
512	5
513	1
514	6
515	1
524	2
525	5
526	2
527	6
520	4
521	5
522	5
523	2
533	1
532	6
535	7
534	1
529	4
528	3
531	5
530	4
541	2
540	3
543	2
542	4
537	7
536	1
539	4
538	1
610	5
611	2
609	4
614	3
615	1
612	1
613	1
618	4
619	3
616	4
617	3
622	4
623	2
620	2
621	1
627	2
626	1
625	7
624	6
631	6
630	1
629	1
628	4
635	2
634	3
633	1
632	2
639	1
638	1
637	1
636	3
576	4
577	4
578	3
579	4
580	3
581	6
582	2
583	1
584	2
585	2
586	1
587	2
588	6
589	3
590	2
591	3
593	1
595	3
594	1
597	6
596	1
599	3
598	1
601	5
600	4
603	5
602	10
605	2
604	3
607	1
606	4
685	4
684	2
683	3
682	3
681	1
680	1
679	2
678	4
675	3
674	1
673	1
672	2
702	1
703	2
700	1
701	1
698	1
699	1
697	1
694	1
692	2
693	1
690	4
688	2
689	1
653	3
652	3
655	2
654	1
649	4
648	3
651	1
650	1
645	2
644	8
647	1
646	4
641	1
640	4
643	3
642	3
668	2
669	1
665	3
660	4
661	3
663	2
656	1
657	1
659	2
747	2
745	2
748	2
739	2
738	1
743	1
740	2
762	3
763	1
760	1
761	2
766	1
767	2
764	1
754	2
755	1
752	2
758	2
757	1
712	2
715	4
717	2
719	2
718	2
705	1
704	1
707	2
706	1
709	3
708	5
711	2
730	1
731	2
734	1
735	1
720	1
722	1
723	3
724	2
725	1
726	2
820	1
823	1
822	2
816	1
829	2
831	1
825	2
826	1
804	1
805	1
806	1
800	2
801	2
802	2
803	4
812	1
814	1
808	3
810	2
811	1
791	1
788	1
787	1
786	1
785	1
784	1
795	2
793	1
774	1
775	1
772	2
773	1
768	1
769	2
782	1
780	2
781	1
778	1
777	2
881	1
880	1
883	1
882	2
884	1
887	1
886	1
889	3
888	1
892	1
895	2
867	3
868	1
871	1
872	1
873	1
877	1
879	1
849	2
848	1
855	1
854	2
852	1
856	2
863	1
862	1
861	1
834	2
835	1
832	1
833	2
838	2
839	1
836	1
837	1
842	1
840	2
841	1
847	2
845	1
958	1
952	1
953	1
954	1
948	1
949	1
944	1
945	1
946	1
941	2
940	1
942	1
937	2
939	2
934	3
928	1
931	1
927	1
922	2
923	1
920	1
921	2
911	1
910	2
906	1
903	1
902	2
899	1
1018	1
1020	1
1022	2
1008	1
1009	1
1001	1
1003	1
1002	1
1004	1
1006	2
993	1
997	1
996	1
999	1
984	1
991	1
978	1
977	1
983	1
980	1
971	1
969	1
974	1
973	1
972	1
1100	1
1097	2
1098	1
1099	1
1094	1
1089	2
1090	1
1109	2
1111	1
1105	1
1104	1
1107	1
1133	1
1131	1
1128	1
1122	1
1149	1
1144	1
1138	1
1032	1
1034	1
1037	1
1026	1
1028	1
1031	1
1048	1
1051	2
1052	1
1042	1
1044	1
1070	1
1071	1
1068	1
1057	1
1083	2
1082	1
1080	1
1087	1
1085	2
1075	1
1074	1
1073	1
1079	1
1076	2
1219	1
1236	2
1232	1
1250	1
1259	1
1256	1
1264	1
1265	1
1275	1
1152	1
1155	1
1154	1
1159	1
1158	1
1169	1
1171	2
1178	1
1179	1
1183	2
1187	1
1184	1
1190	1
1188	1
1196	3
1202	1
1205	1
1211	1
1214	1
1375	1
1351	1
1407	1
1400	1
1379	1
1310	1
1303	1
1300	1
1289	1
1325	1
1326	1
1487	1
1484	1
1410	1
1420	1
1634	1
1578	1
1546	1
1556	1
1554	1
1733	1
1684	1
1680	1
1902	1
1843	1
1821	1
1816	1
