0	300371
1	323806
2	20550
3	19711
4	20458
5	21337
6	21401
7	21964
8	22548
9	22480
10	21574
11	20581
12	19566
13	18589
14	17229
15	16844
17	14675
16	15756
19	12717
18	13673
21	10978
20	11635
23	9371
22	10171
25	7882
24	8623
27	6889
26	7538
29	6039
28	6426
31	5301
30	5713
34	4132
35	3915
32	4765
33	4469
38	3241
39	2976
36	3694
37	3417
42	2450
43	2325
40	2763
41	2660
46	1913
47	1841
44	2136
45	2037
51	1413
50	1613
49	1654
48	1711
55	1127
54	1300
53	1331
52	1419
59	1002
58	973
57	1103
56	1130
63	778
62	811
61	888
60	946
68	610
69	607
70	580
71	573
64	719
65	732
66	688
67	707
76	443
77	470
78	400
79	424
72	565
73	512
74	508
75	471
85	325
84	339
87	316
2255	1
86	338
81	389
80	405
83	341
82	382
93	285
92	270
95	249
94	233
89	291
88	332
91	282
90	299
102	215
103	214
100	239
101	205
98	242
99	256
96	261
97	214
110	178
111	178
108	197
109	217
106	227
107	194
104	229
105	221
119	141
118	142
117	151
116	162
115	169
114	189
113	164
112	174
127	119
126	122
125	130
124	130
123	118
122	137
121	141
120	129
137	90
136	67
139	77
138	94
141	79
140	81
143	78
142	106
129	97
128	102
131	113
130	110
133	117
132	117
135	100
134	92
152	67
153	84
154	69
155	70
156	49
157	54
158	59
159	63
144	57
145	100
146	67
147	66
148	85
149	62
150	79
151	69
171	45
170	50
169	61
168	48
175	38
174	56
173	58
172	47
163	53
162	56
2106	1
161	61
160	53
167	51
166	58
165	49
164	59
186	53
187	41
184	35
185	36
190	40
191	42
188	39
189	30
178	35
179	58
176	45
177	37
182	55
183	50
180	43
181	45
205	42
204	32
207	32
206	36
201	38
200	48
203	28
202	32
197	33
196	31
199	28
198	54
193	34
192	32
195	47
194	46
220	29
221	22
222	28
223	28
216	27
217	18
218	17
219	28
212	24
213	29
214	26
215	36
208	28
209	19
210	21
211	30
239	13
238	24
237	20
236	25
235	24
234	20
233	29
232	23
231	32
230	20
229	23
228	31
227	22
226	23
225	24
224	21
2168	1
254	16
255	17
252	22
253	21
250	20
251	19
248	12
249	16
246	22
247	20
244	10
245	18
242	22
243	17
240	25
241	22
275	18
274	14
273	9
272	23
279	7
278	16
277	10
276	10
283	10
282	8
281	14
280	9
287	14
286	7
285	16
284	11
258	27
259	18
256	14
257	15
262	20
263	7
260	19
261	13
266	27
267	12
264	12
265	12
270	11
271	9
268	13
269	17
305	8
304	7
307	16
306	18
309	12
308	4
311	8
310	11
313	11
312	13
315	6
314	8
317	13
316	11
319	9
318	8
288	11
289	6
290	13
291	11
292	12
293	5
294	9
295	13
296	11
297	13
298	6
299	15
300	11
301	10
302	15
303	5
343	8
342	10
341	15
340	7
339	6
338	11
337	10
336	11
351	8
350	10
349	6
348	8
347	11
346	10
345	4
344	9
326	12
327	5
324	12
325	13
322	4
323	8
320	8
321	14
334	9
335	13
332	9
333	15
330	7
331	8
328	5
329	5
373	8
372	8
375	6
374	6
369	7
368	8
371	5
370	10
381	10
380	10
383	10
382	4
377	7
376	6
379	11
378	8
356	7
357	10
358	16
359	6
352	11
353	7
354	9
355	8
364	7
365	5
366	4
367	7
360	5
361	12
362	4
363	9
410	10
411	5
408	6
409	7
414	3
415	6
412	4
413	4
402	5
403	6
400	3
401	3
406	7
407	11
404	4
405	10
395	5
394	5
393	11
392	14
399	5
398	14
397	5
396	6
387	6
386	7
385	8
384	9
391	8
390	6
389	6
388	8
440	4
441	3
442	12
443	4
444	4
445	1
446	5
447	5
432	4
433	7
434	7
435	1
436	3
437	2
438	3
439	8
425	6
424	1
427	8
426	7
429	6
428	4
431	2
430	5
417	6
416	2
419	9
418	5
421	4
420	8
423	3
422	5
478	6
479	2
476	10
477	2
474	2
475	6
472	8
473	7
470	4
471	2
468	9
469	4
466	5
467	6
464	4
465	4
463	3
462	1
461	6
460	5
459	5
458	7
457	4
456	3
455	6
454	7
453	4
452	3
451	6
450	3
449	6
448	3
508	3
509	2
510	5
511	6
504	3
505	4
506	3
507	3
500	3
501	4
502	4
503	3
496	1
497	4
498	2
499	4
493	3
492	4
495	7
494	5
489	3
488	1
490	2
485	1
484	7
487	7
486	5
481	6
480	3
483	5
482	2
550	4
551	3
548	5
549	2
546	1
547	2
544	2
545	2
558	6
559	3
556	3
557	6
554	1
555	8
552	2
553	6
566	3
565	2
564	2
563	2
562	1
561	2
560	11
574	4
573	1
571	1
570	5
569	3
568	4
517	4
518	9
519	1
512	1
513	4
514	3
515	6
524	3
525	2
526	3
527	3
520	3
521	2
522	4
523	2
533	2
532	4
535	1
534	5
529	2
528	2
531	4
530	6
541	8
540	4
543	3
542	1
537	4
539	1
538	2
610	1
608	2
609	6
614	3
612	3
613	3
618	4
619	3
617	1
622	1
620	2
621	1
627	2
631	1
630	3
629	3
634	1
633	1
632	4
639	3
638	4
637	2
576	3
577	4
578	3
579	2
580	2
581	3
582	2
584	3
585	2
586	1
587	2
588	1
589	3
590	1
591	1
593	3
595	3
597	5
596	3
599	2
598	2
601	7
600	4
603	1
602	2
605	1
607	4
686	1
685	1
683	2
681	2
680	1
677	2
676	1
674	1
673	2
672	1
703	1
699	1
697	1
695	3
692	2
693	3
691	1
688	1
689	1
652	2
654	2
649	2
651	1
644	1
647	1
646	2
641	1
640	2
643	1
642	1
668	1
670	1
671	1
664	1
665	1
666	2
661	3
662	3
656	2
658	1
746	4
745	1
751	1
748	2
739	2
738	1
743	2
741	1
762	2
763	1
766	2
764	1
755	1
759	1
756	2
712	2
715	1
714	2
716	1
719	1
718	1
705	4
704	2
707	2
706	3
709	1
708	1
711	1
710	1
728	1
730	1
731	5
733	4
735	1
721	1
723	3
724	2
726	2
727	3
821	2
823	1
822	1
817	1
816	1
818	1
829	1
830	1
825	2
827	1
804	1
806	2
807	1
800	1
812	2
808	1
809	2
789	1
788	1
786	2
784	1
799	1
798	1
797	4
796	1
795	1
794	1
774	1
773	1
770	2
768	1
769	2
782	1
781	1
778	2
776	2
882	1
884	1
887	1
889	1
891	1
890	1
895	1
864	1
865	1
868	1
869	1
878	1
849	3
848	1
854	1
852	1
859	1
858	1
857	1
861	1
834	2
835	3
832	3
836	1
837	2
842	1
841	2
846	1
844	1
845	1
956	1
958	1
959	1
953	2
941	1
940	1
943	1
942	2
936	1
939	1
932	1
935	1
934	2
928	1
926	1
924	1
923	2
920	1
921	1
918	1
913	1
909	3
907	2
904	1
903	1
900	2
899	1
898	1
897	1
896	1
1019	1
1021	1
1009	1
1010	1
1011	1
1013	1
1003	1
1002	1
1006	1
993	1
994	1
997	3
999	1
986	1
987	2
984	2
985	2
991	3
988	1
989	1
978	1
983	1
981	1
971	1
970	3
968	1
975	1
964	1
1102	1
1097	2
1098	1
1088	1
1091	1
1105	3
1128	1
1150	1
1145	1
1140	1
1032	1
1034	1
1038	1
1026	1
1028	1
1031	1
1050	1
1052	1
1043	1
1042	1
1064	1
1065	1
1058	1
1057	1
1082	1
1075	1
1072	1
1220	1
1231	1
1230	2
1242	1
1263	1
1260	1
1257	1
1274	1
1153	1
1158	1
1161	1
1163	1
1174	1
1175	1
1202	1
1354	1
1308	1
1298	1
1294	1
1295	1
1284	1
1338	1
1534	1
1471	1
1625	1
1618	1
1577	1
1537	1
1539	1
1800	1
2039	1
