0	112702
1	14700
2	2024
3	2621
549	1
4	2628
5	2633
6	2552
544	1
7	2384
8	2221
9	2006
10	1780
556	1
11	1634
12	1483
554	1
13	1323
14	1252
15	1061
17	949
16	964
19	972
18	841
21	830
563	1
20	1595
23	799
22	897
25	534
24	625
27	472
26	534
572	1
29	358
28	424
31	336
30	351
34	254
516	1
35	211
32	286
33	268
38	219
39	182
36	246
514	1
37	210
42	152
43	142
40	173
41	165
46	116
1123	1
47	126
44	114
522	1
45	137
523	1
51	79
50	92
49	96
48	115
55	89
54	64
53	86
52	107
530	1
59	62
541	1
58	74
57	63
56	74
542	1
63	74
62	53
61	55
60	72
68	50
69	55
70	56
71	53
64	72
614	1
65	58
66	50
67	53
76	38
77	40
78	28
79	32
72	100
73	47
74	45
75	41
85	29
84	33
626	1
87	21
86	27
81	29
80	34
83	35
82	30
93	21
92	28
95	18
94	32
89	24
88	23
91	25
90	22
102	18
103	15
100	16
101	23
98	16
99	20
96	15
97	19
110	18
111	9
108	16
109	20
106	14
107	12
104	19
105	15
119	11
118	7
117	9
116	9
115	9
114	16
113	13
112	15
127	9
601	1
126	3
125	8
124	10
123	10
122	11
121	8
120	13
137	9
136	12
139	7
138	7
141	11
140	12
143	6
142	7
129	8
128	4
131	5
130	11
133	4
132	4
135	7
134	9
152	8
153	4
154	2
155	1
156	4
157	5
158	2
159	1
144	7
145	5
146	6
147	7
148	10
149	6
150	7
151	5
171	6
170	4
169	2
168	8
175	1
174	2
173	3
172	8
163	2
162	3
161	3
647	1
160	3
167	2
166	7
165	2
164	7
186	1
187	1
184	2
185	4
188	1
189	2
178	6
179	3
176	2
662	1
177	2
182	2
183	4
180	2
205	2
201	5
200	1
203	2
1159	1
202	1
197	3
196	2
199	1
198	2
193	4
192	1
195	2
220	2
221	1
223	2
216	2
217	2
218	3
212	4
214	3
209	3
1182	1
210	1
211	1
1187	1
236	2
235	2
234	3
233	1
232	2
231	1
229	1
226	1
224	1
254	2
255	1
253	3
250	4
248	1
249	2
246	2
247	1
244	1
243	2
240	2
241	4
274	5
273	1
272	3
277	1
282	1
281	1
280	1
284	1
259	2
256	2
262	1
260	1
261	1
264	1
2454	1
271	1
268	1
269	2
305	1
304	1
307	2
306	1
313	1
312	2
314	1
316	1
288	1
289	1
291	1
292	1
294	1
295	1
297	1
300	2
343	1
340	1
338	1
336	1
351	1
346	4
344	1
327	1
324	1
325	1
321	1
328	1
878	1
329	1
374	1
370	1
381	1
1329	1
856	1
382	1
862	1
357	1
835	1
359	1
353	1
354	1
365	1
413	1
402	1
393	2
392	1
397	1
443	1
444	1
435	1
437	1
417	2
420	1
460	1
1955	1
454	1
509	1
984	1
493	1
492	1
495	1
489	1
484	1
