0	47105
1	6495
2	1095
3	448
4	216
5	317
6	210
7	154
8	139
9	122
10	91
11	96
12	103
13	71
14	85
15	75
17	52
16	81
19	57
18	54
21	71
20	47
23	57
22	56
25	57
24	36
27	39
26	43
29	33
28	57
31	48
30	37
34	37
35	39
32	45
33	58
38	40
39	36
36	31
37	48
42	36
43	40
40	42
41	30
46	32
47	27
44	15
45	26
51	26
50	32
49	29
48	31
55	30
54	13
1145	1
53	20
52	34
59	30
58	15
57	24
56	24
63	10
62	21
61	20
60	28
68	18
69	19
70	13
71	22
64	16
65	23
1038	1
66	14
67	14
76	14
77	22
78	15
79	7
72	17
73	26
74	19
75	17
85	25
84	15
87	14
86	18
81	16
80	15
83	14
82	16
93	12
92	15
95	10
94	13
89	12
88	11
91	16
90	16
102	12
103	11
100	13
101	13
98	11
99	5
96	15
97	11
110	13
111	10
108	5
109	11
106	16
107	7
104	7
105	12
119	11
118	6
117	8
116	10
115	12
114	10
113	12
112	8
127	13
126	4
125	6
124	11
123	8
122	10
121	10
120	10
137	10
136	4
139	4
138	13
141	9
140	11
143	8
142	2
129	9
128	5
131	6
130	5
133	5
132	6
135	11
134	13
152	7
153	7
154	4
155	5
156	6
157	8
158	3
159	6
144	6
145	3
146	3
147	4
148	6
149	6
150	13
151	6
171	5
170	3
169	2
175	7
174	2
173	6
172	2
163	3
162	6
161	4
160	4
167	5
166	4
165	6
164	3
186	3
187	4
184	4
185	4
190	3
191	3
188	5
178	6
179	5
176	6
177	4
182	5
183	2
180	1
181	4
205	4
204	2
207	5
206	3
201	1
200	4
203	6
202	2
197	5
196	2
199	1
198	3
193	6
192	2
195	3
194	5
1168	1
220	2
221	2
222	1
223	1
216	4
217	3
218	4
219	3
212	1
213	4
214	3
215	2
208	3
1180	1
209	3
210	1
211	3
239	1
236	1
235	2
232	4
231	1
230	3
229	5
228	1
226	1
225	2
224	4
254	2
255	1
253	1
251	2
248	1
246	1
247	3
244	5
245	3
243	1
240	3
241	3
274	1
273	2
272	2
279	1
278	1
283	1
280	1
287	1
286	1
285	1
284	1
256	2
257	1
262	2
263	1
260	1
261	1
266	1
264	3
265	3
271	2
268	2
1344	1
305	1
304	2
307	3
309	1
308	1
1400	1
311	1
313	3
315	2
317	1
316	1
319	1
289	3
290	1
291	2
292	1
293	2
294	3
295	2
296	2
297	1
299	2
300	1
302	1
303	1
342	1
341	1
339	1
336	1
350	2
346	4
345	2
344	1
326	2
327	3
325	1
320	1
332	1
330	1
331	1
372	2
371	2
383	1
382	1
378	2
1323	1
352	1
353	1
354	1
355	3
365	1
367	1
360	2
361	1
363	1
410	1
411	1
413	1
403	3
400	1
406	2
395	1
393	1
399	1
397	1
396	1
387	2
385	1
384	1
391	1
389	1
432	1
434	1
427	1
429	2
428	2
431	1
430	1
417	1
420	1
422	1
2370	1
472	1
473	2
471	1
2381	1
467	1
458	2
1413	1
457	1
451	1
449	2
510	1
504	1
507	3
501	1
1466	1
503	1
2422	1
494	1
481	2
549	1
545	1
552	1
562	2
573	2
570	2
519	1
513	1
514	1
524	1
525	1
521	1
528	1
530	1
614	1
625	1
632	1
580	1
585	1
1556	1
605	1
680	1
701	1
697	1
691	1
652	1
649	1
651	1
644	1
643	1
750	1
737	1
717	1
720	1
727	1
819	1
812	1
796	1
871	1
1812	1
860	1
846	1
844	1
953	1
900	1
1013	1
