ts	streams	graphity	blou	
#1075590000	26453	2645	2865	2004
#1075590000	26453	5289	5290	2004
1075590000	26453	5289	5290	2004
#1107212400	114231	3261	3263	2005
#1107212400	114231	11422	4568	2005
1107212400	114231	11422	4568	2005
#1138748400	232457	2854	2213	2006
#1138748400	232457	15495	4648	2006
1138748400	232457	15495	4648	2006
#1170284400	364046	2799	742	2007
#1170284400	364046	14560	4550	2007
1170284400	364046	14560	4853	2007
#1201820400	481137	2662	604	2008
1201820400	481137	16036	5345	2008
#1201820400	481137	13745	5345	2008
#1233442800	599392	2259	602	2009
#1233442800	599392	14983	4994	2009
1233442800	599392	14983	4994	2009
#1264978800	718581	2382	627	2010
#1264978800	718581	14369	4955	2010
1264978800	718581	14370	4955	2010
#1296514800	841137	2087	622	2011
#1296514800	841137	15292	4313	2011
1296514800	841137	15292	4313	2011

