ts	streams	graphity	blou
1075590000	26453	2645	2865
#1075590000	26453	5289	5290
#1075590000	26453	5289	5290
1107212400	114231	3261	3263
#1107212400	114231	11422	4568
#1107212400	114231	11422	4568
1138748400	232457	2854	2213
#1138748400	232457	15495	4648
#1138748400	232457	15495	4648
1170284400	364046	2799	742
#1170284400	364046	14560	4550
#1170284400	364046	14560	4853
1201820400	481137	2662	604
#1201820400	481137	16036	5345
#1201820400	481137	13745	5345
1233442800	599392	2259	602
#1233442800	599392	14983	4994
#1233442800	599392	14983	4994
1264978800	718581	2382	627
#1264978800	718581	14369	4955
#1264978800	718581	14370	4955
1296514800	841137	2087	622
#1296514800	841137	15292	4313
#1296514800	841137	15292	4313

